FirmwareVer:2.2.6
DeviceModel=PQNet103D
ADCBackgroudDC[4]=0,0,0,0
CorrectFactor[4]=1.0000,1.0000,1.0000,0.0100
PT_CT[2]=380,100
C1/C2(uF)=0.005148,0.172940
R//C=1200
SV type(p,s)=p
DesMAC[4/5]=01:EA
AppID(hex 4000~7fff)=4000
